0 : [8, 65, 259]
1 : [141, 162, 197, 213]
2 : [265]
3 : [21, 31, 50, 90, 188, 224, 262, 299]
4 : [189, 246]
5 : [68, 81, 186]
6 : [91, 139]
7 : [63, 125, 223, 248]
8 : [9, 126, 210]
9 : [101, 129, 171, 218, 287]
10 : [80, 132, 146, 217]
11 : [22, 61, 206, 252, 261]
12 : [41, 150, 196, 284]
13 : [83, 269]
14 : [96, 212]
15 : [153, 286]
16 : [46, 76]
17 : [23, 30, 149, 270, 280]
18 : [35, 159]
19 : [64]
20 : [27]
21 : [-1]
22 : [163, 207]
23 : [28, 58, 110, 148, 260]
24 : [92, 143, 158]
25 : [120, 199, 232]
26 : [165, 178, 258, 267]
27 : [255]
28 : [86, 191, 283]
29 : [25, 157, 209, 242, 243, 249]
30 : [43, 106, 184, 200, 225]
31 : [45, 230]
32 : [36, 70, 79]
33 : [5, 215]
34 : [103, 116, 203, 271]
35 : [26, 119, 221]
36 : [29, 123, 190]
37 : [142, 273]
38 : [151, 204]
39 : [42, 256, 268, 290]
40 : [89, 294]
41 : [238]
42 : [87, 156]
43 : [74, 105, 154]
44 : [60, 167, 293]
45 : [115, 194]
46 : [112]
47 : [15, 104, 177, 227, 298]
48 : [-1]
49 : [7, 34, 137, 172, 174]
50 : [33, 208]
51 : [179, 192]
52 : [98, 161, 220]
53 : [85, 183, 291]
54 : [52, 56, 94, 111, 205, 295]
55 : [282]
56 : [100, 219, 251]
57 : [-1]
58 : [109, 254]
59 : [66, 107]
60 : [3, 11, 47, 55, 127, 160, 169, 263]
61 : [24, 144, 285]
62 : [168]
63 : [40, 130, 201]
64 : [155, 292]
65 : [37, 77, 257, 296]
66 : [-1]
67 : [1, 202, 281]
68 : [0, 214, 289]
69 : [16, 44, 117, 124, 245]
70 : [17, 59, 138, 166, 237, 278]
71 : [67, 114]
72 : [4, 134, 187, 231, 297]
73 : [69, 71, 99]
74 : [266]
75 : [235]
76 : [121, 152]
77 : [233]
78 : [-1]
79 : [-1]
80 : [75, 253]
81 : [164, 175, 180]
82 : [93, 229]
83 : [82, 240]
84 : [48, 62, 276]
85 : [211, 222]
86 : [2]
87 : [277]
88 : [20, 128]
89 : [78, 216, 272]
90 : [51, 73, 84, 88, 135, 170, 244]
91 : [10, 12, 13, 19, 32, 193, 239, 275]
92 : [140, 145, 182, 247, 264]
93 : [136, 147, 234]
94 : [6, 108, 122, 176, 226, 228]
95 : [14, 95, 181, 236, 241, 288]
96 : [38, 53, 54, 113, 118, 131, 198]
97 : [39, 72, 274]
98 : [18, 250]
99 : [49, 57, 97, 102, 133, 173, 185, 195, 279]