[0, 68, 8, 0, 0]
[1, 67, 8, 0, 0]
[2, 86, 8, 0, 0]
[3, 60, 6, 0, 0]
[4, 72, 6, 0, 0]
[5, 33, 0, 0, 0]
[6, 94, 7, 0, 0]
[7, 49, 5, 0, 0]
[8, 0, 0, 0, 0]
[9, 8, 2, 0, 0]
[10, 91, 6, 0, 0]
[11, 60, 6, 0, 0]
[12, 91, 6, 0, 0]
[13, 91, 6, 0, 0]
[14, 95, 7, 0, 0]
[15, 47, 5, 0, 0]
[16, 69, 8, 0, 0]
[17, 70, 6, 0, 0]
[18, 98, 8, 0, 0]
[19, 91, 6, 0, 0]
[20, 88, 8, 0, 0]
[21, 3, 0, 0, 0]
[22, 11, 0, 0, 0]
[23, 17, 2, 0, 0]
[24, 61, 6, 0, 0]
[25, 29, 2, 0, 0]
[26, 35, 1, 0, 0]
[27, 20, 0, 0, 0]
[28, 23, 0, 0, 0]
[29, 36, 2, 0, 0]
[30, 17, 2, 0, 0]
[31, 3, 0, 0, 0]
[32, 91, 6, 0, 0]
[33, 50, 3, 0, 0]
[34, 49, 5, 0, 0]
[35, 18, 2, 0, 0]
[36, 32, 0, 0, 0]
[37, 65, 7, 0, 0]
[38, 96, 8, 0, 0]
[39, 97, 8, 0, 0]
[40, 63, 6, 0, 0]
[41, 12, 0, 0, 0]
[42, 39, 2, 0, 0]
[43, 30, 0, 0, 0]
[44, 69, 8, 0, 0]
[45, 31, 0, 0, 0]
[46, 16, 2, 0, 0]
[47, 60, 6, 0, 0]
[48, 84, 7, 0, 0]
[49, 99, 8, 0, 0]
[50, 3, 0, 0, 0]
[51, 90, 6, 0, 0]
[52, 54, 4, 0, 0]
[53, 96, 8, 0, 0]
[54, 96, 8, 0, 0]
[55, 60, 6, 0, 0]
[56, 54, 4, 0, 0]
[57, 99, 8, 0, 0]
[58, 23, 0, 0, 0]
[59, 70, 6, 0, 0]
[60, 44, 4, 0, 0]
[61, 11, 0, 0, 0]
[62, 84, 7, 0, 0]
[63, 7, 2, 0, 0]
[64, 19, 2, 0, 0]
[65, 0, 0, 0, 0]
[66, 59, 5, 0, 0]
[67, 71, 6, 0, 0]
[68, 5, 1, 0, 0]
[69, 73, 6, 0, 0]
[70, 32, 0, 0, 0]
[71, 73, 6, 0, 0]
[72, 97, 8, 0, 0]
[73, 90, 6, 0, 0]
[74, 43, 3, 0, 0]
[75, 80, 6, 0, 0]
[76, 16, 2, 0, 0]
[77, 65, 7, 0, 0]
[78, 89, 8, 0, 0]
[79, 32, 0, 0, 0]
[80, 10, 0, 0, 0]
[81, 5, 1, 0, 0]
[82, 83, 6, 0, 0]
[83, 13, 0, 0, 0]
[84, 90, 6, 0, 0]
[85, 53, 3, 0, 0]
[86, 28, 2, 0, 0]
[87, 42, 3, 0, 0]
[88, 90, 6, 0, 0]
[89, 40, 3, 0, 0]
[90, 3, 0, 0, 0]
[91, 6, 2, 0, 0]
[92, 24, 1, 0, 0]
[93, 82, 6, 0, 0]
[94, 54, 4, 0, 0]
[95, 95, 7, 0, 0]
[96, 14, 1, 0, 0]
[97, 99, 8, 0, 0]
[98, 52, 3, 0, 0]
[99, 73, 6, 0, 0]
[100, 56, 5, 0, 0]
[101, 9, 2, 0, 0]
[102, 99, 8, 0, 0]
[103, 34, 1, 0, 0]
[104, 47, 5, 0, 0]
[105, 43, 3, 0, 0]
[106, 30, 0, 0, 0]
[107, 59, 5, 0, 0]
[108, 94, 7, 0, 0]
[109, 58, 5, 0, 0]
[110, 23, 0, 0, 0]
[111, 54, 4, 0, 0]
[112, 46, 5, 0, 0]
[113, 96, 8, 0, 0]
[114, 71, 6, 0, 0]
[115, 45, 4, 0, 0]
[116, 34, 1, 0, 0]
[117, 69, 8, 0, 0]
[118, 96, 8, 0, 0]
[119, 35, 1, 0, 0]
[120, 25, 1, 0, 0]
[121, 76, 8, 0, 0]
[122, 94, 7, 0, 0]
[123, 36, 2, 0, 0]
[124, 69, 8, 0, 0]
[125, 7, 2, 0, 0]
[126, 8, 2, 0, 0]
[127, 60, 6, 0, 0]
[128, 88, 8, 0, 0]
[129, 9, 2, 0, 0]
[130, 63, 6, 0, 0]
[131, 96, 8, 0, 0]
[132, 10, 0, 0, 0]
[133, 99, 8, 0, 0]
[134, 72, 6, 0, 0]
[135, 90, 6, 0, 0]
[136, 93, 6, 0, 0]
[137, 49, 5, 0, 0]
[138, 70, 6, 0, 0]
[139, 6, 2, 0, 0]
[140, 92, 6, 0, 0]
[141, 1, 0, 0, 0]
[142, 37, 2, 0, 0]
[143, 24, 1, 0, 0]
[144, 61, 6, 0, 0]
[145, 92, 6, 0, 0]
[146, 10, 0, 0, 0]
[147, 93, 6, 0, 0]
[148, 23, 0, 0, 0]
[149, 17, 2, 0, 0]
[150, 12, 0, 0, 0]
[151, 38, 2, 0, 0]
[152, 76, 8, 0, 0]
[153, 15, 1, 0, 0]
[154, 43, 3, 0, 0]
[155, 64, 7, 0, 0]
[156, 42, 3, 0, 0]
[157, 29, 2, 0, 0]
[158, 24, 1, 0, 0]
[159, 18, 2, 0, 0]
[160, 60, 6, 0, 0]
[161, 52, 3, 0, 0]
[162, 1, 0, 0, 0]
[163, 22, 0, 0, 0]
[164, 81, 6, 0, 0]
[165, 26, 2, 0, 0]
[166, 70, 6, 0, 0]
[167, 44, 4, 0, 0]
[168, 62, 6, 0, 0]
[169, 60, 6, 0, 0]
[170, 90, 6, 0, 0]
[171, 9, 2, 0, 0]
[172, 49, 5, 0, 0]
[173, 99, 8, 0, 0]
[174, 49, 5, 0, 0]
[175, 81, 6, 0, 0]
[176, 94, 7, 0, 0]
[177, 47, 5, 0, 0]
[178, 26, 2, 0, 0]
[179, 51, 3, 0, 0]
[180, 81, 6, 0, 0]
[181, 95, 7, 0, 0]
[182, 92, 6, 0, 0]
[183, 53, 3, 0, 0]
[184, 30, 0, 0, 0]
[185, 99, 8, 0, 0]
[186, 5, 1, 0, 0]
[187, 72, 6, 0, 0]
[188, 3, 0, 0, 0]
[189, 4, 1, 0, 0]
[190, 36, 2, 0, 0]
[191, 28, 2, 0, 0]
[192, 51, 3, 0, 0]
[193, 91, 6, 0, 0]
[194, 45, 4, 0, 0]
[195, 99, 8, 0, 0]
[196, 12, 0, 0, 0]
[197, 1, 0, 0, 0]
[198, 96, 8, 0, 0]
[199, 25, 1, 0, 0]
[200, 30, 0, 0, 0]
[201, 63, 6, 0, 0]
[202, 67, 8, 0, 0]
[203, 34, 1, 0, 0]
[204, 38, 2, 0, 0]
[205, 54, 4, 0, 0]
[206, 11, 0, 0, 0]
[207, 22, 0, 0, 0]
[208, 50, 3, 0, 0]
[209, 29, 2, 0, 0]
[210, 8, 2, 0, 0]
[211, 85, 7, 0, 0]
[212, 14, 1, 0, 0]
[213, 1, 0, 0, 0]
[214, 68, 8, 0, 0]
[215, 33, 0, 0, 0]
[216, 89, 8, 0, 0]
[217, 10, 0, 0, 0]
[218, 9, 2, 0, 0]
[219, 56, 5, 0, 0]
[220, 52, 3, 0, 0]
[221, 35, 1, 0, 0]
[222, 85, 7, 0, 0]
[223, 7, 2, 0, 0]
[224, 3, 0, 0, 0]
[225, 30, 0, 0, 0]
[226, 94, 7, 0, 0]
[227, 47, 5, 0, 0]
[228, 94, 7, 0, 0]
[229, 82, 6, 0, 0]
[230, 31, 0, 0, 0]
[231, 72, 6, 0, 0]
[232, 25, 1, 0, 0]
[233, 77, 8, 0, 0]
[234, 93, 6, 0, 0]
[235, 75, 7, 0, 0]
[236, 95, 7, 0, 0]
[237, 70, 6, 0, 0]
[238, 41, 3, 0, 0]
[239, 91, 6, 0, 0]
[240, 83, 6, 0, 0]
[241, 95, 7, 0, 0]
[242, 29, 2, 0, 0]
[243, 29, 2, 0, 0]
[244, 90, 6, 0, 0]
[245, 69, 8, 0, 0]
[246, 4, 1, 0, 0]
[247, 92, 6, 0, 0]
[248, 7, 2, 0, 0]
[249, 29, 2, 0, 0]
[250, 98, 8, 0, 0]
[251, 56, 5, 0, 0]
[252, 11, 0, 0, 0]
[253, 80, 6, 0, 0]
[254, 58, 5, 0, 0]
[255, 27, 2, 0, 0]
[256, 39, 2, 0, 0]
[257, 65, 7, 0, 0]
[258, 26, 2, 0, 0]
[259, 0, 0, 0, 0]
[260, 23, 0, 0, 0]
[261, 11, 0, 0, 0]
[262, 3, 0, 0, 0]
[263, 60, 6, 0, 0]
[264, 92, 6, 0, 0]
[265, 2, 0, 0, 0]
[266, 74, 7, 0, 0]
[267, 26, 2, 0, 0]
[268, 39, 2, 0, 0]
[269, 13, 0, 0, 0]
[270, 17, 2, 0, 0]
[271, 34, 1, 0, 0]
[272, 89, 8, 0, 0]
[273, 37, 2, 0, 0]
[274, 97, 8, 0, 0]
[275, 91, 6, 0, 0]
[276, 84, 7, 0, 0]
[277, 87, 8, 0, 0]
[278, 70, 6, 0, 0]
[279, 99, 8, 0, 0]
[280, 17, 2, 0, 0]
[281, 67, 8, 0, 0]
[282, 55, 4, 0, 0]
[283, 28, 2, 0, 0]
[284, 12, 0, 0, 0]
[285, 61, 6, 0, 0]
[286, 15, 1, 0, 0]
[287, 9, 2, 0, 0]
[288, 95, 7, 0, 0]
[289, 68, 8, 0, 0]
[290, 39, 2, 0, 0]
[291, 53, 3, 0, 0]
[292, 64, 7, 0, 0]
[293, 44, 4, 0, 0]
[294, 40, 3, 0, 0]
[295, 54, 4, 0, 0]
[296, 65, 7, 0, 0]
[297, 72, 6, 0, 0]
[298, 47, 5, 0, 0]
[299, 3, 0, 0, 0]