7.043153814060920558e+04
7.036095569758833153e+04
7.036237059128521651e+04
7.036130767584353453e+04
7.035822887035959866e+04
7.036211991865605523e+04
7.036492565680878761e+04
7.036030502295319457e+04
7.035924859165845555e+04
7.036288301661546575e+04
7.036271310422291572e+04
7.036027080860298884e+04
7.036217602399269526e+04
7.035962123353479546e+04
7.036477486411886639e+04
7.036330937475166866e+04
7.036228672196384287e+04
7.036428399100861861e+04
7.036109543501939334e+04
7.036275135317382228e+04
7.036169807415596733e+04
7.035872128689980309e+04
7.035971735326724593e+04
7.035942817458762147e+04
7.036057435177783191e+04
7.036568913901508495e+04
7.036061838135644211e+04
7.036335978846783109e+04
7.036149517029202252e+04
7.036090965212520678e+04
7.036126403567477246e+04
7.036692932006707997e+04
7.036183203451297595e+04
7.036119180662387225e+04
7.036207276901048317e+04
7.036158394801286340e+04
7.036098616173633491e+04
7.036143268566070765e+04
7.036281992988924321e+04
7.036212142841985042e+04
7.036318833549563715e+04
7.036269347862042196e+04
7.035991544229621650e+04
7.036193643160609645e+04
7.035670898011492682e+04
7.035967447390004236e+04
7.036362395590179949e+04
7.036159129499427218e+04
7.036456216655804019e+04
7.036395239975582808e+04
7.036424926461502037e+04
7.036111594629415777e+04
7.036280525260408467e+04
7.036294233553939557e+04
7.036417979317775462e+04
7.036172662312816828e+04
7.036263470052629418e+04
7.035878672013568575e+04
7.036223679787224683e+04
7.036035155776902684e+04
7.036217998143480509e+04
7.036392252697657386e+04
7.036116536563602858e+04
7.036149241045866802e+04
7.036337188114500896e+04
7.035621966841963877e+04
7.036042545868091111e+04
7.036162639568535087e+04
7.036134018581433338e+04
7.036010768668344826e+04
7.036131816130118386e+04
7.036096110950032016e+04
7.035876728486355569e+04
7.036060374430172669e+04
7.035943896207757643e+04
7.036313664070672530e+04
7.036606999775466102e+04
7.035690377345158777e+04
7.035712084794504335e+04
7.036289989863360825e+04
7.036011261506962182e+04
7.036277173082454829e+04
7.036045723552540585e+04
7.036404153383901576e+04
7.036446870018796471e+04
7.036017970218544360e+04
7.036215802162542241e+04
7.035840467805470689e+04
7.036302460732359032e+04
7.036035465719207423e+04
7.036070507215922407e+04
7.036439027796730807e+04
7.035981696779331833e+04
7.036299209102362511e+04
7.036360768503027793e+04
7.035911380820997874e+04
7.035927139766953769e+04
7.036317517367661640e+04
7.035789873069377791e+04
7.036270130877090560e+04
7.035834821512954659e+04
7.036356094608703279e+04
7.036498973807801667e+04
7.036294257588383334e+04
7.036356548203140846e+04
7.036296808646748832e+04
7.036042138712388987e+04
7.036460002219158923e+04
7.036372042403348314e+04
7.036048666370494175e+04
7.036084090830344940e+04
7.036067958214825194e+04
7.036078013076132629e+04
7.036086681221521576e+04
7.035971313092749915e+04
7.036216136456897948e+04
7.035827138291843585e+04
7.036115938499756157e+04
7.036465218269688194e+04
7.035956457484448038e+04
7.036383054882766737e+04
7.035961771715081704e+04
7.036094692310277605e+04
7.036160713055563974e+04
7.035952848780200293e+04
7.036230330628731463e+04
7.036204754130713991e+04
7.036457910397440719e+04
7.036054042713355739e+04
7.035993339628117974e+04
7.036446272884136124e+04
7.036526858606256428e+04
7.035786260639957618e+04
7.036122097074899648e+04
7.035909795294745709e+04
7.035875071241063415e+04
7.036196638482459821e+04
7.036367642247652111e+04
7.036099684284871910e+04
7.036162899251632916e+04
7.036389839849159762e+04
7.036084701657111873e+04
7.036144357738949475e+04
7.036332474249367078e+04
7.035876460410050640e+04
7.036166377086368448e+04
7.036035746978598763e+04
7.036543107758955739e+04
7.036227058147000207e+04
7.035818724765964726e+04
7.036108923365185910e+04
7.036521961172901501e+04
7.036038729376099946e+04
7.036064753961813403e+04
7.036344642709860636e+04
7.036109678761746909e+04
7.036342045507756120e+04
7.036082479526134557e+04
7.036139479683282843e+04
7.035985405342339072e+04
7.036210394017770886e+04
7.036564887065964285e+04
7.036105927899337257e+04
7.036783118425792782e+04
7.035810783931160404e+04
7.036285419356230705e+04
7.036141928136460774e+04
7.036343230829447566e+04
7.036372126965069037e+04
7.036085370427428279e+04
7.036194848212896613e+04
7.036183178488728299e+04
7.036233644789831305e+04
7.036099925601569703e+04
7.035822294463524304e+04
7.036188611859068624e+04
7.035951433616732538e+04
7.036212079737721069e+04
7.036132950645957317e+04
7.036287639625866723e+04
7.036140320465555124e+04
7.036266133211032138e+04
7.036300460360680881e+04
7.036546877195802517e+04
7.035927737540288945e+04
7.036260341536853230e+04
7.035972088290040847e+04
7.036372723760435474e+04
7.036038390343271021e+04
7.036131625771494873e+04
7.036304487843354582e+04
7.035926876366499346e+04
7.035837847291762591e+04
7.036236420758269378e+04
7.036027186014261679e+04
7.036353590027298196e+04
7.036419404146696615e+04
7.036141295372063178e+04
7.036295035864373494e+04
7.036397506959855673e+04
